# 128 bit blocks
[[7], [70], [102]]
[[71], [103]]
[[7], [39]]
[[70, 102, 7]]
[[31, 71, 103]]
[[71, 103]]
[[39], [71]]
[[39, 71]]
[[7], [37], [101]]
[[93, 39, 71]]
[[116, 39, 71]]
[[39], [71], [103]]
[[7], [39], [71], [103]]
[[7], [39], [71]]

# 512 bit blocks
[[38, 326], [39, 327], [326, 486]]
[[38, 326], [167, 327], [326, 486]]
[[38, 326], [205, 327], [326, 486]]
[[38, 326], [326, 486], [327, 359]]
[[38, 326, 39, 327, 326, 486]]
[[6, 294], [205, 454], [295, 455]]
[[6, 166], [205, 454], [295, 455]]
[[295, 455, 6, 294, 205, 454]]
[[6, 166, 295, 455, 205, 454]]
[[38, 326, 167, 327, 326, 486]]
[[6, 38], [205, 454], [295, 455]]
[[295, 455, 205, 454, 6, 38]]
[[38, 326, 326, 486, 205, 327]]
[[134, 422], [198, 205], [205, 454]]
[[38, 326, 327, 359, 326, 486]]
[[70, 358], [134, 422], [390, 422]]
[[6, 38], [39, 327], [326, 486]]
[[103, 391], [167, 455], [391, 423]]
[[167, 455], [207, 231], [455, 487]]
[[167, 455], [205, 231], [455, 487]]

[[38,39]]
[[37, 325], [38, 326], [39, 327], [326, 486]]

# [[38, 326], [39, 327], [326, 486], [327, 359]]